1	79	117387
3	100	116940
3	237	117208
1	125	117052
1	7	117273
1	192	116842
2	160	116907
1	21	117004
2	29	117225
1	109	117451
2	62	117151
1	213	117015
3	125	117105
3	1	117639
2	51	116666
3	181	116903
3	172	117065
3	174	117232
3	69	117330
1	123	116936
3	91	117508
1	64	117423
2	207	117481
1	33	116909
2	49	117117
1	70	117488
2	247	117112
3	67	117133
3	2	117295
2	90	117070
3	228	117093
1	200	117160
3	214	117425
3	33	116871
1	17	116889
1	41	117229
3	43	117180
1	230	117429
1	224	117087
1	61	117142
2	240	117052
2	105	116995
3	45	117484
1	199	117465
2	101	117520
2	156	117235
3	12	117521
3	35	116992
2	234	117048
1	76	117562
3	139	117474
2	205	117686
1	195	117292
1	49	116777
1	197	116923
2	11	117151
2	170	117174
3	213	117027
3	150	117272
3	34	117154
2	71	116887
2	80	117447
1	90	117045
2	14	117292
1	122	117166
2	151	117079
3	83	117465
1	119	117480
2	104	117013
1	73	117365
2	82	117069
1	25	117327
1	89	117068
2	208	116964
3	94	116871
2	213	117289
1	235	117389
1	139	117491
2	21	117012
1	40	117286
3	188	117312
1	23	117468
1	131	117340
1	138	116725
1	152	117163
2	190	117302
2	227	117108
2	23	117282
3	143	117417
2	133	117131
3	203	117043
3	81	116956
3	24	116927
1	252	117181
1	146	116948
3	158	117126
3	99	116906
2	153	116909
3	37	117133
2	66	116958
1	82	117303
2	180	117346
1	59	117435
2	77	116914
3	48	117242
2	102	117226
2	172	116957
3	105	117244
1	67	117268
3	110	117235
1	250	117114
1	86	116746
1	78	117651
3	46	117456
2	220	117187
2	4	116922
1	219	117107
1	227	117638
3	120	117268
1	180	116967
1	148	116564
2	75	117173
2	245	117307
3	90	117166
1	153	116916
3	39	116797
1	50	116929
3	157	117321
3	137	117013
3	15	117357
1	113	116828
2	46	117110
3	224	117846
1	16	117177
2	122	117136
1	164	117300
2	56	116998
1	175	117581
1	15	117063
3	192	116897
1	160	117060
3	151	117299
3	205	117278
1	206	117311
3	160	117231
1	162	117424
1	144	117338
2	143	116994
1	51	117233
1	209	116924
2	24	117222
3	154	117397
2	238	117100
2	216	117469
2	192	117406
1	170	117531
1	121	117063
3	250	117491
3	0	117131
2	54	117263
1	201	117423
2	109	117387
1	254	117057
2	112	116738
3	189	116964
2	166	117229
1	196	117515
2	81	116755
3	198	117279
2	210	117103
3	44	117850
2	249	116470
2	19	117191
3	144	117019
1	217	117367
2	116	116937
3	122	117140
1	63	117436
1	244	116702
3	16	117260
3	153	117485
2	20	117319
2	228	117098
1	174	117185
3	162	117511
3	86	117378
1	142	117233
2	161	117157
2	150	117343
3	187	117011
2	48	117549
1	255	117097
3	80	117760
2	158	117373
3	200	117142
1	57	117100
2	87	117646
3	121	116782
2	32	117097
2	38	117154
2	215	117360
3	168	117354
1	77	117274
1	182	117039
2	222	117115
3	98	117356
2	157	116932
1	178	116764
2	60	117473
3	9	117160
3	227	117291
3	167	116665
1	102	117316
3	165	116859
1	243	117632
3	47	117028
1	75	117205
3	133	117393
2	52	116893
1	145	117112
2	108	117762
2	92	116871
3	163	117249
2	72	116952
1	181	117429
2	128	117128
3	18	117120
3	255	116821
3	204	117275
2	65	117557
1	93	117477
1	208	116877
3	63	116842
2	94	116784
2	141	117237
2	211	117121
2	57	117086
3	156	117111
1	221	117039
2	5	117084
2	63	116976
2	134	117136
1	53	117260
3	236	117004
3	27	116946
3	89	117721
2	253	116835
1	151	117351
3	202	117841
2	36	116977
1	103	117354
2	137	117291
3	119	117499
2	199	117223
1	28	116746
2	171	116769
2	0	117148
1	83	117566
1	190	117311
1	141	116630
3	56	117238
1	1	117240
1	39	117023
2	174	117255
1	135	116998
1	20	117158
3	230	116948
2	223	116807
1	99	117295
3	62	116858
3	233	116947
2	2	117084
2	107	117237
2	100	117158
2	110	117217
3	142	117295
1	194	117458
2	25	117480
2	225	116893
3	8	117389
3	225	117236
3	88	116834
1	156	116983
3	229	117542
2	251	117047
1	105	117118
3	76	117053
3	123	116864
1	52	117019
3	25	117622
1	37	116973
2	39	117141
3	92	117274
1	128	117316
3	129	117181
2	88	117069
1	110	117409
1	107	117576
1	163	116976
3	183	117139
3	71	117035
1	126	117121
2	165	117178
3	185	117341
2	131	117244
2	15	116833
3	248	116641
3	180	117227
3	235	117039
1	19	117239
1	168	117258
2	43	117115
3	242	117154
1	211	117387
1	112	116978
2	189	116922
2	99	117353
2	212	116736
3	207	117001
2	167	117350
3	60	117197
3	141	116919
3	87	117174
3	146	117239
3	179	117002
3	124	116565
2	139	116930
3	115	117331
2	191	117286
2	181	117093
1	249	117155
3	14	117380
3	195	117318
3	135	117531
3	61	117296
1	140	116830
3	74	117348
2	37	117501
1	30	117139
1	246	117673
3	136	117116
1	68	116746
3	85	117161
1	115	117596
3	246	117206
3	28	117627
2	6	117331
1	187	117001
3	75	117347
3	223	117598
2	129	116891
1	205	117030
3	245	117084
2	35	117191
2	50	117882
2	95	117502
2	26	117299
1	158	116998
2	235	117546
2	97	117511
1	27	116808
1	177	116854
3	40	117197
2	7	117633
1	183	116969
3	59	117005
1	242	116772
3	173	116939
2	248	117157
2	115	117025
2	73	117590
1	166	117179
2	111	117288
2	162	117628
3	57	116654
2	68	117066
2	246	116691
2	194	116961
2	89	117018
3	164	117114
2	224	117264
2	200	117283
2	187	117415
1	234	117325
2	93	116841
3	17	117676
1	95	117131
1	36	116868
1	31	117432
3	155	117430
1	204	117188
3	218	117305
2	195	116798
3	128	117179
3	226	116991
1	193	117032
1	9	117095
1	108	117732
1	71	117451
1	47	117424
2	226	116964
2	244	116862
2	91	117083
2	103	117526
2	55	116571
3	10	117487
1	215	117029
3	113	116874
1	124	117136
3	11	117060
3	199	117570
1	133	117666
3	134	117291
2	140	117113
3	42	117030
1	159	117071
2	13	117185
1	43	117251
3	116	117198
1	11	117265
3	140	117239
3	5	117484
1	225	117027
3	193	117397
3	73	117180
3	232	117459
1	65	117294
3	70	117257
3	36	116881
3	107	117354
3	201	116870
2	130	117357
3	219	117186
3	41	117301
1	81	116588
1	5	117354
3	4	116947
3	50	117440
2	255	117357
1	38	117138
3	97	116827
3	114	117078
3	152	117249
3	208	117292
3	112	117002
1	106	117271
3	216	117220
2	202	117172
1	172	117395
1	188	117319
3	210	117126
2	217	117156
1	147	116862
1	165	117333
1	54	117090
1	62	116992
2	204	117579
3	96	116913
3	145	117255
1	251	117000
3	178	117372
2	179	117611
1	35	117197
3	221	117467
2	53	117322
3	82	117012
1	222	117162
2	45	117148
2	173	117288
1	167	117436
3	171	117377
3	243	117330
3	182	116919
1	149	116803
3	3	117636
1	12	117764
1	191	116966
1	114	117221
3	130	117208
1	117	116766
1	3	117238
1	207	117540
2	206	116970
1	98	117358
2	145	117034
2	10	117473
1	130	117310
2	198	117301
1	218	117418
3	58	116835
2	78	117228
2	221	117272
2	138	117108
3	22	116982
1	6	117363
1	161	116990
3	108	116790
3	23	117250
2	148	116659
3	68	117067
1	85	116878
2	185	117551
2	183	116747
3	132	117668
3	161	117241
1	223	117447
1	129	117598
2	176	116766
2	27	117101
2	193	117201
1	24	116942
1	143	117554
3	102	117038
3	126	117199
3	254	116932
3	238	117142
3	118	117372
1	58	117414
2	33	117556
2	144	117962
1	120	117425
1	66	117127
2	28	117349
3	247	117251
1	185	117016
2	201	117797
2	17	116987
3	38	117035
3	206	116728
1	91	117128
3	176	116755
3	103	116898
3	26	117437
2	142	116762
1	189	117094
3	64	117357
3	231	116746
2	237	117176
3	197	117366
3	79	117175
1	203	117186
2	69	117196
2	218	117064
3	95	116971
1	42	116944
2	79	117113
2	209	117228
2	106	117131
1	220	117356
3	169	117139
1	10	116807
2	123	117337
1	157	117073
2	203	117087
2	1	116742
2	67	117370
2	59	117010
1	232	117541
2	40	116890
2	61	117830
2	168	117320
2	84	117288
3	106	116721
1	29	116757
3	65	116845
3	252	117551
1	87	117166
2	250	116857
2	124	117415
1	4	117277
3	147	117416
3	239	116748
3	7	117007
2	47	117390
3	30	117482
3	184	117607
1	8	117410
1	44	117391
1	0	117179
3	211	116965
3	20	117283
2	3	117468
2	147	116943
2	58	117257
1	69	117276
1	55	117074
3	77	117430
1	2	117054
1	233	116951
1	210	117033
2	163	117328
1	171	117471
3	51	117149
2	117	117567
3	13	117143
3	217	117577
2	83	117113
1	104	117326
1	18	117127
3	93	117133
3	66	117608
1	216	117177
2	159	116992
1	245	116907
2	178	117003
3	190	116847
1	231	117043
3	251	117055
2	197	117413
3	148	117428
3	127	117087
2	121	117200
1	212	116949
1	72	117425
1	74	117352
1	237	117189
3	186	117406
2	230	117081
1	97	117560
1	136	116868
2	98	116908
3	84	117269
2	149	117116
1	226	117299
3	117	117152
3	220	117544
1	96	117368
2	177	117166
1	186	116728
1	214	117376
1	229	117662
3	109	117239
3	249	117638
2	152	117296
3	241	117077
3	52	117055
2	196	116905
3	131	117383
3	166	117219
1	46	117237
3	101	116751
2	96	117450
2	16	117174
1	111	117511
1	101	117229
1	238	117270
3	170	117247
2	233	117151
2	114	117324
1	134	117089
3	212	116660
1	236	117265
1	202	117260
2	31	117302
2	146	117286
2	132	117178
3	78	117022
3	234	117309
2	86	117144
1	247	117157
1	184	117041
3	72	116964
1	179	117055
2	241	117504
2	186	117282
2	254	117335
2	118	117200
1	92	117119
1	173	116789
1	176	117066
3	149	117018
1	80	117301
1	32	117401
2	135	117556
2	120	117047
1	100	117652
2	182	117312
2	155	116762
2	113	117384
2	136	117393
2	76	117112
2	214	117146
2	85	117546
2	252	117125
2	229	117148
2	41	117023
3	175	117677
3	209	117312
3	159	117448
2	243	117113
2	12	117545
1	118	117437
2	18	117292
2	127	117284
3	54	116263
2	236	117306
2	154	117240
2	42	117249
1	34	117180
3	215	117159
1	45	117035
2	219	116901
3	111	117036
2	70	117185
1	150	117179
2	119	117056
2	188	117439
2	64	117125
3	191	117543
3	31	117254
3	21	117373
3	138	117043
2	22	117406
3	19	117004
2	242	117086
1	60	116963
2	169	116852
2	231	116852
2	126	117319
1	241	117258
1	169	117185
3	6	116871
1	127	116977
2	125	117219
3	194	117648
1	26	117051
1	116	117463
2	8	117429
2	239	117212
3	222	117020
3	253	116772
3	55	117420
1	84	116972
1	94	116868
3	177	117266
3	29	116983
2	30	117572
2	232	117049
3	240	117352
1	155	117359
2	44	117501
2	175	117576
1	239	117590
2	184	117336
1	198	116941
1	48	117201
3	32	116749
3	49	117273
1	248	116975
1	228	117467
1	14	117639
1	154	117052
2	74	117304
3	244	117096
1	253	117243
1	22	117231
3	196	117209
3	53	117250
3	104	117203
1	13	116921
1	88	117006
1	132	117311
2	34	117221
2	164	117533
1	240	117280
2	9	117538
1	137	116855
1	56	117283
